v -0.800000 0.800000 0.200000
v -0.600000 0.825000 0.225000
v -0.825000 0.825000 0.000000
v -0.600000 0.900000 0.000000
v -0.300000 0.825000 0.225000
v -0.300000 0.900000 0.000000
v -0.300000 0.825000 -0.225000
v -0.600000 0.825000 -0.225000
v -0.800000 0.800000 -0.200000
v 0.000000 0.825000 0.225000
v 0.000000 0.900000 0.000000
v 0.300000 0.825000 0.225000
v 0.300000 0.900000 0.000000
v 0.300000 0.825000 -0.225000
v 0.000000 0.825000 -0.225000
v 0.600000 0.825000 0.225000
v 0.600000 0.900000 0.000000
v 0.800000 0.800000 0.200000
v 0.825000 0.825000 0.000000
v 0.800000 0.800000 -0.200000
v 0.600000 0.825000 -0.225000
v -0.800000 -0.400000 0.200000
v -0.600000 -0.375000 0.225000
v -0.825000 -0.375000 0.000000
v -0.600000 -0.300000 0.000000
v -0.300000 -0.300000 0.240000
v -0.375000 -0.225000 0.000000
v -0.300000 -0.300000 -0.240000
v -0.600000 -0.375000 -0.225000
v -0.800000 -0.400000 -0.200000
v 0.300000 -0.300000 0.240000
v 0.600000 -0.375000 0.225000
v 0.375000 -0.225000 0.000000
v 0.600000 -0.300000 0.000000
v 0.800000 -0.400000 0.200000
v 0.825000 -0.375000 0.000000
v 0.800000 -0.400000 -0.200000
v 0.600000 -0.375000 -0.225000
v 0.300000 -0.300000 -0.240000
v -0.800000 -0.800000 0.200000
v -0.600000 -0.825000 0.225000
v -0.825000 -0.825000 0.000000
v -0.600000 -0.900000 0.000000
v -0.300000 -0.825000 0.225000
v -0.300000 -0.900000 0.000000
v -0.300000 -0.825000 -0.225000
v -0.600000 -0.825000 -0.225000
v -0.800000 -0.800000 -0.200000
v 0.000000 -0.825000 0.225000
v 0.000000 -0.900000 0.000000
v 0.300000 -0.825000 0.225000
v 0.300000 -0.900000 0.000000
v 0.300000 -0.825000 -0.225000
v 0.000000 -0.825000 -0.225000
v 0.600000 -0.825000 0.225000
v 0.600000 -0.900000 0.000000
v 0.800000 -0.800000 0.200000
v 0.825000 -0.825000 0.000000
v 0.800000 -0.800000 -0.200000
v 0.600000 -0.825000 -0.225000
v -0.800000 0.400000 0.200000
v -0.600000 0.375000 0.225000
v -0.825000 0.375000 0.000000
v -0.600000 0.300000 0.000000
v -0.300000 0.300000 0.240000
v -0.375000 0.225000 0.000000
v -0.300000 0.300000 -0.240000
v -0.600000 0.375000 -0.225000
v -0.800000 0.400000 -0.200000
v 0.300000 0.300000 0.240000
v 0.600000 0.375000 0.225000
v 0.375000 0.225000 0.000000
v 0.600000 0.300000 0.000000
v 0.800000 0.400000 0.200000
v 0.825000 0.375000 0.000000
v 0.800000 0.400000 -0.200000
v 0.600000 0.375000 -0.225000
v 0.300000 0.300000 -0.240000
v 0.825000 0.375000 0.000000
v 0.825000 0.600000 0.225000
v 0.900000 0.600000 0.000000
v 0.825000 0.600000 -0.225000
v 0.825000 0.825000 0.000000
v 0.225000 0.000000 0.225000
v 0.300000 0.000000 0.000000
v 0.225000 0.000000 -0.225000
v 0.825000 -0.825000 0.000000
v 0.825000 -0.600000 0.225000
v 0.900000 -0.600000 0.000000
v 0.825000 -0.600000 -0.225000
v 0.825000 -0.375000 0.000000
v -0.825000 0.375000 0.000000
v -0.825000 0.600000 0.225000
v -0.900000 0.600000 0.000000
v -0.825000 0.600000 -0.225000
v -0.825000 0.825000 0.000000
v -0.225000 0.000000 0.225000
v -0.300000 0.000000 0.000000
v -0.225000 0.000000 -0.225000
v -0.825000 -0.825000 0.000000
v -0.825000 -0.600000 0.225000
v -0.900000 -0.600000 0.000000
v -0.825000 -0.600000 -0.225000
v -0.825000 -0.375000 0.000000
v -0.825000 0.600000 0.225000
v -0.600000 0.600000 0.300000
v -0.300000 0.600000 0.300000
v -0.600000 0.825000 0.225000
v 0.000000 0.300000 0.300000
v 0.000000 0.600000 0.300000
v 0.300000 0.600000 0.300000
v 0.000000 0.825000 0.225000
v 0.600000 0.600000 0.300000
v 0.825000 0.600000 0.225000
v 0.600000 0.825000 0.225000
v 0.000000 -0.300000 0.300000
v 0.000000 0.000000 0.300000
v -0.600000 -0.825000 0.225000
v -0.825000 -0.600000 0.225000
v -0.600000 -0.600000 0.300000
v -0.300000 -0.600000 0.300000
v 0.000000 -0.825000 0.225000
v 0.000000 -0.600000 0.300000
v 0.300000 -0.600000 0.300000
v 0.600000 -0.825000 0.225000
v 0.600000 -0.600000 0.300000
v 0.825000 -0.600000 0.225000
v -0.825000 0.600000 -0.225000
v -0.600000 0.600000 -0.300000
v -0.300000 0.600000 -0.300000
v -0.600000 0.825000 -0.225000
v 0.000000 0.300000 -0.300000
v 0.000000 0.600000 -0.300000
v 0.300000 0.600000 -0.300000
v 0.000000 0.825000 -0.225000
v 0.600000 0.600000 -0.300000
v 0.825000 0.600000 -0.225000
v 0.600000 0.825000 -0.225000
v 0.000000 -0.300000 -0.300000
v 0.000000 0.000000 -0.300000
v -0.600000 -0.825000 -0.225000
v -0.825000 -0.600000 -0.225000
v -0.600000 -0.600000 -0.300000
v -0.300000 -0.600000 -0.300000
v 0.000000 -0.825000 -0.225000
v 0.000000 -0.600000 -0.300000
v 0.300000 -0.600000 -0.300000
v 0.600000 -0.825000 -0.225000
v 0.600000 -0.600000 -0.300000
v 0.825000 -0.600000 -0.225000
f  0 1 3 2
f  1 4 5 3
f  3 5 6 7
f  2 3 7 8
f  4 9 10 5
f  9 11 12 10
f  10 12 13 14
f  5 10 14 6
f  11 15 16 12
f  15 17 18 16
f  16 18 19 20
f  12 16 20 13
f  21 22 24 23
f  22 25 26 24
f  24 26 27 28
f  23 24 28 29
f  30 31 33 32
f  31 34 35 33
f  33 35 36 37
f  32 33 37 38
f  39 40 42 41
f  40 43 44 42
f  42 44 45 46
f  41 42 46 47
f  43 48 49 44
f  48 50 51 49
f  49 51 52 53
f  44 49 53 45
f  50 54 55 51
f  54 56 57 55
f  55 57 58 59
f  51 55 59 52
f  60 61 63 62
f  61 64 65 63
f  63 65 66 67
f  62 63 67 68
f  69 70 72 71
f  70 73 74 72
f  72 74 75 76
f  71 72 76 77
f  73 78 80 79
f  78 75 81 80
f  80 81 19 82
f  79 80 82 17
f  30 32 84 83
f  32 38 85 84
f  84 85 77 71
f  83 84 71 69
f  56 86 88 87
f  86 58 89 88
f  88 89 36 90
f  87 88 90 34
f  60 91 93 92
f  91 68 94 93
f  93 94 8 95
f  92 93 95 0
f  25 26 97 96
f  26 27 98 97
f  97 98 66 65
f  96 97 65 64
f  39 99 101 100
f  99 47 102 101
f  101 102 29 103
f  100 101 103 21
f  60 61 105 104
f  61 64 106 105
f  105 106 4 107
f  104 105 107 0
f  64 108 109 106
f  108 69 110 109
f  109 110 11 111
f  106 109 111 4
f  69 70 112 110
f  70 73 113 112
f  112 113 17 114
f  110 112 114 11
f  25 115 116 96
f  115 30 83 116
f  116 83 69 108
f  96 116 108 64
f  39 117 119 118
f  117 43 120 119
f  119 120 25 22
f  118 119 22 21
f  43 121 122 120
f  121 50 123 122
f  122 123 30 115
f  120 122 115 25
f  50 124 125 123
f  124 56 126 125
f  125 126 34 31
f  123 125 31 30
f  68 67 128 127
f  67 66 129 128
f  128 129 6 130
f  127 128 130 8
f  66 131 132 129
f  131 77 133 132
f  132 133 13 134
f  129 132 134 6
f  77 76 135 133
f  76 75 136 135
f  135 136 19 137
f  133 135 137 13
f  27 138 139 98
f  138 38 85 139
f  139 85 77 131
f  98 139 131 66
f  47 140 142 141
f  140 45 143 142
f  142 143 27 28
f  141 142 28 29
f  45 144 145 143
f  144 52 146 145
f  145 146 38 138
f  143 145 138 27
f  52 147 148 146
f  147 58 149 148
f  148 149 36 37
f  146 148 37 38
